#sigma_coh:
#sigma_lens:
#z:
#end
0.08  0.0276696031727  0.50308369405  
0.08  0.0319398261808  0.580724112379  
0.08  0.0272137500368  0.494795455214  
0.08  0.019026038531  0.345927973291  
0.08  0.0372714085687  0.677661973977  
0.08  0.0335891426421  0.610711684401  
0.08  0.0476571925006  0.866494409102  
0.08  0.0182012437919  0.330931705307  
0.08  0.0439211294516  0.79856599003  
0.08  0.0247259088151  0.449561978457  
0.08  0.0204293842324  0.37144334968  
0.08  0.0160445155511  0.291718464565  
0.08  0.0195700947465  0.355819904481  
0.08  0.0253700733536  0.461274060975  
0.08  0.0155985556289  0.283610102343  
0.08  0.0347728647143  0.632233903897  
0.08  0.0256527675366  0.466413955211  
0.08  0.0147743078573  0.268623779224  
0.08  0.0520789392996  0.946889805448  
0.08  0.0508704581248  0.924917420451  
0.08  0.0381240919755  0.693165308645  
0.08  0.0343878166541  0.625233030074  
0.08  0.0493318957904  0.896943559826  
0.08  0.0334543817987  0.60826148725  
0.08  0.043397974601  0.789054083654  
0.08  0.0318060443069  0.578291714671  
0.08  0.0324654122579  0.59028022287  
0.08  0.0395794496937  0.719626358068  
0.08  0.0115517757107  0.210032285649  
0.08  0.0421624471655  0.766589948464  
0.08  0.0472182081211  0.85851287493  
0.08  0.0202347280081  0.367904145601  
0.08  0.0307310463899  0.558746297999  
0.08  0.0466680178555  0.848509415555  
0.08  0.0548014663357  0.996390297012  
0.08  0.0427126864551  0.776594299184  
0.08  0.0320612829666  0.582932417575  
0.08  0.0321058419063  0.583742580115  
0.08  0.0438103833586  0.796552424701  
0.08  0.0323796543888  0.588720988887  
0.08  0.0502410013759  0.913472752289  
0.08  0.0422722799084  0.768586907426  
0.08  0.0521650016871  0.94845457613  
0.08  0.0282586257622  0.513793195676  
0.08  0.0403484676176  0.733608502139  
0.08  0.0350735286458  0.637700520833  
0.08  0.042107360795  0.765588378091  
0.08  0.0239173352927  0.434860641685  
0.08  0.0540873953395  0.983407187991  
0.08  0.0321058609162  0.58374292575  
0.08  0.038534730665  0.700631466637  
0.08  0.0364132080276  0.662058327775  
0.08  0.0460969150365  0.838125727936  
0.08  0.0342030506706  0.621873648556  
0.08  0.0203822554053  0.370586461915  
0.08  0.0229147550587  0.416631910159  
0.08  0.0197213261285  0.358569565973  
0.08  0.0248424714878  0.451681299778  
0.08  0.0287519041855  0.522761894281  
0.08  0.0403697801846  0.733996003357  
0.08  0.0386080744794  0.701964990535  
0.08  0.0408104384714  0.742007972207  
0.08  0.0410365086052  0.746118338277  
0.08  0.0192257766684  0.349559575789  
0.08  0.0325509523272  0.591835496859  
0.08  0.0283110555293  0.514746464169  
0.08  0.0341347728186  0.620632233065  
0.08  0.035400555326  0.643646460472  
0.08  0.0551537023416  1.00279458803  
0.08  0.0258822277967  0.47058595994  
0.08  0.0335853922587  0.610643495612  
0.08  0.0144918002143  0.263487276624  
0.08  0.0197084721612  0.358335857476  
0.08  0.0408483321755  0.742696948646  
0.08  0.0248355952764  0.451556277752  
0.08  0.0500913540282  0.910751891421  
0.08  0.0303932783395  0.552605060719  
0.08  0.0185643856257  0.337534284103  
0.08  0.041287475503  0.750681372781  
0.08  0.0541077161535  0.983776657336  
0.08  0.0452483214911  0.822696754384  
0.08  0.0447532800105  0.813696000191  
0.08  0.0522919628412  0.95076296075  
0.08  0.0449752781543  0.817732330079  
0.08  0.0187285734581  0.34051951742  
0.08  0.0528413000554  0.960750910098  
0.08  0.0445896188161  0.81072034211  
0.08  0.0416178055539  0.756687373707  
0.08  0.0336188754866  0.611252281575  
0.08  0.0482884040229  0.877970982235  
0.08  0.0301578502259  0.548324549561  
0.08  0.0444967520953  0.809031856279  
0.08  0.0565839915108  1.02879984565  
0.08  0.0344981393682  0.627238897603  
0.08  0.0232348454279  0.422451735052  
0.08  0.0513644850491  0.933899728165  
0.08  0.0385636710469  0.701157655398  
0.08  0.0383440025118  0.697163682032  
0.08  0.0376848547528  0.685179177324  
0.08  0.0421891351393  0.76707518435  
0.08  0.0512545538299  0.931900978726  
0.08  0.0475187672474  0.863977586317  
0.08  0.0412005141208  0.749100256741  
0.08  0.0282894261195  0.514353202173  
0.08  0.0257623302655  0.468406004828  
0.08  0.0258719125186  0.47039840943  
0.08  0.0527379267726  0.958871395866  
0.08  0.0510349984709  0.927909063108  
0.08  0.0462287101893  0.840522003441  
0.08  0.0346884387133  0.630698885696  
0.08  0.0309512873671  0.562750679402  
0.08  0.0338633976769  0.61569813958  
0.08  0.0455690523887  0.828528225249  
0.08  0.0310607576121  0.564741047493  
0.08  0.0318309809077  0.578745107412  
0.08  0.0306758644289  0.557742989617  
0.08  0.0475473301023  0.864496910951  
0.08  0.0404584254165  0.735607734846  
0.08  0.0472178870466  0.858507037211  
0.08  0.0144091180366  0.261983964301  
0.08  0.0322158901671  0.585743457584  
0.08  0.0418869118715  0.761580215846  
0.08  0.0268839818531  0.488799670056  
0.08  0.0472183888036  0.858516160065  
0.08  0.0378760856633  0.688656102969  
0.08  0.0307308448413  0.558742633479  
0.08  0.0178492585185  0.324531973064  
0.08  0.0264387013378  0.480703660688  
0.08  0.0101954192748  0.185371259542  
0.08  0.0507221490529  0.92222089187  
0.08  0.0375068225126  0.681942227501  
0.08  0.0261638959145  0.475707198445  
0.08  0.0507215378306  0.922209778738  
0.08  0.049125049394  0.893182716254  
0.08  0.0235755065264  0.428645573208  
0.08  0.0347535096834  0.631881994243  
0.08  0.0384978242714  0.699960441298  
0.08  0.0404804060485  0.7360073827  
0.08  0.0316702518436  0.575822760792  
0.08  0.0230248347864  0.418633359753  
0.08  0.0281460271063  0.511745947387  
0.08  0.029467387413  0.535770680236  
0.08  0.0353041156211  0.641893011292  
0.08  0.0404247806824  0.734996012407  
0.08  0.0193358156925  0.351560285318  
0.08  0.0335422875684  0.609859773971  
0.08  0.0192256127268  0.349556595032  
0.08  0.0386082831092  0.701968783803  
0.08  0.0195393556734  0.355261012243  
0.08  0.0540804191281  0.983280347783  
0.08  0.0479683654994  0.872152099989  
0.08  0.0417466726935  0.759030412609  
0.08  0.0509421269916  0.926220490757  
0.08  0.035400290286  0.643641641564  
0.08  0.0230762741646  0.419568621174  
0.08  0.0283573116689  0.515587484889  
0.08  0.0489901087854  0.890729250643  
0.08  0.0443132626294  0.80569568417  
0.08  0.0264312563506  0.480568297283  
0.08  0.044038333925  0.800696980455  
0.08  0.0319331935127  0.580603518413  
0.08  0.039360849155  0.715651802819  
0.08  0.0443132163635  0.805694842972  
0.08  0.0421676102389  0.766683822526  
0.08  0.0365550638246  0.664637524083  
0.08  0.0495955003384  0.901736369789  
0.08  0.0410115898866  0.745665270665  
0.08  0.0395274013266  0.71868002412  
0.08  0.0405179674436  0.736690317156  
0.08  0.0318780199411  0.579600362565  
0.08  0.020379216567  0.370531210309  
0.08  0.0528407111485  0.9607402027  
0.08  0.0467901142025  0.850729349137  
0.08  0.0356752028568  0.648640051941  
0.08  0.0120703850762  0.21946154684  
0.08  0.051521508427  0.936754698673  
0.08  0.0356201684574  0.647639426498  
0.08  0.0253860133597  0.461563879268  
0.08  0.0330331884133  0.600603425697  
0.08  0.0368859583169  0.67065378758  
0.08  0.0418383931272  0.760698056858  
0.08  0.0135570834358  0.246492426105  
0.08  0.0258815228556  0.47057314283  
0.08  0.00932000512096  0.169454638563  
0.08  0.0273558326584  0.497378775607  
0.08  0.0351028890154  0.638234345735  
0.08  0.0279054183327  0.507371242413  
0.08  0.029442968349  0.535326697255  
0.08  0.0323006682093  0.587284876532  
0.08  0.042519472557  0.773081319218  
0.08  0.0384541061266  0.699165565938  
0.08  0.0203781205451  0.370511282638  
0.08  0.041859894506  0.761088991019  
0.08  0.0384542835507  0.699168791831  
0.08  0.0433433238171  0.788060433038  
0.08  0.0205431941266  0.373512620484  
0.08  0.0223012843773  0.405477897769  
0.08  0.0469146507321  0.852993649674  
0.08  0.0444426499798  0.80804818145  
0.08  0.0331799759921  0.603272290765  
0.08  0.032080938416  0.583289789381  
0.08  0.0293884411379  0.534335293416  
0.08  0.0396076798226  0.720139633138  
0.08  0.0220266490838  0.400484528797  
0.08  0.0460352260097  0.837004109268  
0.08  0.0204329545821  0.371508265129  
0.08  0.0443322586543  0.806041066442  
0.08  0.0462002627873  0.84000477795  
0.08  0.0275400200657  0.500727637559  
0.08  0.0293020745542  0.532764991895  
0.08  0.0293571357353  0.533766104278  
0.08  0.051272608112  0.9322292384  
0.08  0.0452156830655  0.822103328464  
0.08  0.0304588584934  0.553797427152  
0.08  0.0068914053076  0.12529827832  
0.08  0.0463167864197  0.842123389449  
0.08  0.0244017318429  0.443667851689  
0.08  0.0400221381387  0.727675238885  
0.08  0.037601254109  0.683659165619  
0.08  0.0243401311943  0.442547839896  
0.08  0.0399673365165  0.726678845755  
0.08  0.0155380756468  0.282510466305  
0.08  0.0222501759375  0.40454865341  
0.08  0.0285785783291  0.519610515074  
0.08  0.0379858651369  0.690652093399  
0.08  0.0583440757944  1.06080137808  
0.08  0.0317136761984  0.576612294517  
0.08  0.0147668756357  0.268488647922  
0.08  0.0396374219448  0.720680398997  
0.08  0.013777396892  0.250498125309  
0.08  0.0418379880269  0.760690691398  
0.08  0.0383991743999  0.69816680727  
0.08  0.0302673494048  0.550315443724  
0.08  0.0401570481048  0.73012814736  
0.08  0.0466391768236  0.847985033157  
0.08  0.054880441162  0.997826202945  
0.08  0.0239495352934  0.435446096244  
0.08  0.0225208309058  0.409469652832  
0.08  0.0165874278519  0.301589597307  
0.1  0.0714508061366  1.29910556612  
0.1  0.0561443661223  1.02080665677  
0.1  0.0461853522903  0.839733678005  
0.1  0.0616467354877  1.12084973614  
0.1  0.0676990532191  1.23089187671  
0.1  0.053582642798  0.974229869054  
0.1  0.05339301654  0.970782118909  
0.108  0.00353259619519  0.0642290217308  
0.108  0.00709665  0.12903  
0.108  0.00565895  0.10289  
0.108  0.00242715  0.04413  
0.108  0.0062172  0.11304  
0.108  0.01408605  0.25611  
0.108  0.0209143  0.38026  
0.108  0.00800085  0.14547  
0.108  0.00488895  0.08889  
0.108  0.01433245  0.26059  
0.108  0.00434005  0.07891  
0.108  0.0045672  0.08304  
0.108  0.00911075  0.16565  
0.108  0.00924935  0.16817  
0.108  0.00938465  0.17063  
0.108  0.0093654  0.17028  
0.108  0.0066242  0.12044  
0.108  0.01520915  0.27653  
0.108  0.012738  0.2316  
0.108  0.01681295  0.30569  
0.108  0.00439835  0.07997  
0.108  0.00957825  0.17415  
0.108  0.0076274  0.13868  
0.108  0.00803385  0.14607  
0.108  0.00447315  0.08133  
0.108  0.012859  0.2338  
0.108  0.01411025  0.25655  
0.108  0.0135091  0.24562  
0.108  0.00692615  0.12593  
0.108  0.01229305  0.22351  
0.108  0.0056452  0.10264  
0.108  0.00658185  0.11967  
0.108  0.00993025  0.18055  
0.108  0.01083995  0.19709  
0.108  0.0126038  0.22916  
0.108  0.01454805  0.26451  
0.108  0.00568535  0.10337  
0.108  0.02004255  0.36441  
0.108  0.011308  0.2056  
0.108  0.00988955  0.17981  
0.108  0.01097745  0.19959  
0.108  0.00860915  0.15653  
0.108  0.008899  0.1618  
0.108  0.01152415  0.20953  
0.108  0.01329845  0.24179  
0.108  0.0130053  0.23646  
0.108  0.0124674  0.22668  
0.108  0.0163229  0.29678  
0.108  0.0114686  0.20852  
0.108  0.0138072  0.25104  
0.108  0.0137566  0.25012  
0.108  0.00647405  0.11771  
0.108  0.01208405  0.21971  
0.108  0.00819555  0.14901  
0.108  0.0158081  0.28742  
0.108  0.007898  0.1436  
0.108  0.01806035  0.32837  
0.108  0.01354375  0.24625  
0.108  0.0065813  0.11966  
0.108  0.0180609  0.32838  
0.108  0.01183215  0.21513  
0.108  0.0079629  0.14478  
0.108  0.00728365  0.13243  
0.108  0.0115951  0.21082  
0.108  0.01121945  0.20399  
0.108  0.0153736  0.27952  
0.108  0.0024354  0.04428  
0.108  0.00992035  0.18037  
0.108  0.0143385  0.2607  
0.108  0.0031097  0.05654  
0.108  0.011693  0.2126  
0.108  0.02031755  0.36941  
0.108  0.0095623  0.17386  
0.108  0.00784575  0.14265  
0.108  0.00978395  0.17789  
0.108  0.01806035  0.32837  
0.108  0.01394305  0.25351  
0.108  0.01650055  0.30001  
0.108  0.00582395  0.10589  
0.108  0.0122804  0.22328  
0.108  0.00651475  0.11845  
0.108  0.00970915  0.17653  
0.108  0.010054  0.1828  
0.108  0.0163691  0.29762  
0.108  0.01083445  0.19699  
0.108  0.00841225  0.15295  
0.108  0.0136675  0.2485  
0.108  0.0075999  0.13818  
0.108  0.0113872  0.20704  
0.108  0.0118074  0.21468  
0.108  0.0168476  0.30632  
0.108  0.01358225  0.24695  
0.108  0.01089055  0.19801  
0.108  0.0122408  0.22256  
0.108  0.0074294  0.13508  
0.108  0.0115797  0.21054  
0.108  0.0149919  0.27258  
0.108  0.013563  0.2466  
0.108  0.0121374  0.22068  
0.108  0.01509585  0.27447  
0.108  0.0097108  0.17656  
0.108  0.0170984  0.31088  
0.108  0.01013925  0.18435  
0.108  0.00876425  0.15935  
0.108  0.0120868  0.21976  
0.108  0.01386275  0.25205  
0.108  0.0099671  0.18122  
0.108  0.00955515  0.17373  
0.108  0.02092585  0.38047  
0.108  0.00982575  0.17865  
0.108  0.0135124  0.24568  
0.108  0.0115005  0.2091  
0.108  0.01372085  0.24947  
0.108  0.0073656  0.13392  
0.108  0.0097383  0.17706  
0.108  0.01546105  0.28111  
0.108  0.00956065  0.17383  
0.108  0.0108097  0.19654  
0.108  0.02001835  0.36397  
0.108  0.02080925  0.37835  
0.108  0.0174053  0.31646  
0.108  0.0100771  0.18322  
0.108  0.0132561  0.24102  
0.108  0.01111165  0.20203  
0.108  0.00927795  0.16869  
0.108  0.0108867  0.19794  
0.108  0.0067518  0.12276  
0.108  0.0111749  0.20318  
0.108  0.00700645  0.12739  
0.108  0.01515195  0.27549  
0.108  0.0079574  0.14468  
0.108  0.0183898  0.33436  
0.108  0.010769  0.1958  
0.108  0.0106656  0.19392  
0.108  0.01373515  0.24973  
0.108  0.008173  0.1486  
0.108  0.0085778  0.15596  
0.108  0.0052701  0.09582  
0.108  0.00828575  0.15065  
0.108  0.01701315  0.30933  
0.108  0.01367135  0.24857  
0.108  0.0201047  0.36554  
0.108  0.00647405  0.11771  
0.108  0.0105468  0.19176  
0.108  0.01004025  0.18255  
0.108  0.0129096  0.23472  
0.108  0.01355585  0.24647  
0.108  0.01586475  0.28845  
0.108  0.011528  0.2096  
0.108  0.0105589  0.19198  
0.108  0.0062711  0.11402  
0.108  0.00626395  0.11389  
0.108  0.010934  0.1988  
0.108  0.0121319  0.22058  
0.108  0.01004135  0.18257  
0.108  0.00874225  0.15895  
0.108  0.00431695  0.07849  
0.108  0.0076252  0.13864  
0.108  0.00994345  0.18079  
0.108  0.00976635  0.17757  
0.108  0.0093863  0.17066  
0.108  0.01285955  0.23381  
0.108  0.00393415  0.07153  
0.108  0.00850465  0.15463  
0.108  0.0049555  0.0901  
0.108  0.0097119  0.17658  
0.108  0.00717475  0.13045  
0.108  0.0100122  0.18204  
0.108  0.01408935  0.25617  
0.108  0.00759605  0.13811  
0.108  0.0093885  0.1707  
0.108  0.0119207  0.21674  
0.108  0.01350525  0.24555  
0.108  0.0079101  0.14382  
0.108  0.0136741  0.24862  
0.108  0.00799315  0.14533  
0.108  0.0074734  0.13588  
0.108  0.0032307  0.05874  
0.108  0.0020086  0.03652  
0.108  0.01526195  0.27749  
0.108  0.01128325  0.20515  
0.108  0.01542805  0.28051  
0.108  0.01092685  0.19867  
0.108  0.00879945  0.15999  
0.108  0.01159125  0.21075  
0.108  0.00395725  0.07195  
0.108  0.0130801  0.23782  
0.108  0.00777645  0.14139  
0.108  0.0085283  0.15506  
0.108  0.02035715  0.37013  
0.108  0.00516505  0.09391  
0.108  0.00652465  0.11863  
0.108  0.00844965  0.15363  
0.108  0.0139458  0.25356  
0.108  0.00589875  0.10725  
0.108  0.00712855  0.12961  
0.108  0.01466575  0.26665  
0.108  0.0116743  0.21226  
0.108  0.0153021  0.27822  
0.108  0.013497  0.2454  
0.108  0.0073491  0.13362  
0.108  0.0097108  0.17656  
0.108  0.0062524  0.11368  
0.108  0.0176209  0.32038  
0.108  0.00619905  0.11271  
0.108  0.0058311  0.10602  
0.108  0.02152425  0.39135  
0.108  0.00856625  0.15575  
0.108  0.01026685  0.18667  
0.108  0.01081905  0.19671  
0.108  0.01055505  0.19191  
0.108  0.0104962  0.19084  
0.108  0.00969375  0.17625  
0.108  0.00706035  0.12837  
0.108  0.0067441  0.12262  
0.108  0.00699325  0.12715  
0.108  0.01172765  0.21323  
0.108  0.01202355  0.21861  
0.108  0.0147708  0.26856  
0.108  0.0112563  0.20466  
0.108  0.0146905  0.2671  
0.108  0.01196635  0.21757  
0.108  0.01330175  0.24185  
0.108  0.0161425  0.2935  
0.108  0.0194403  0.35346  
0.108  0.01020965  0.18563  
0.108  0.01569865  0.28543  
0.108  0.0107217  0.19494  
0.108  0.0041756  0.07592  
0.108  0.00899635  0.16357  
0.108  0.01414655  0.25721  
0.108  0.01207525  0.21955  
0.108  0.0096569  0.17558  
0.108  0.01246685  0.22667  
0.108  0.0084271  0.15322  
0.108  0.01156375  0.21025  
0.108  0.0066902  0.12164  
0.108  0.01602425  0.29135  
0.108  0.0161964  0.29448  
0.108  0.00905025  0.16455  
0.108  0.0168861  0.30702  
0.108  0.01092465  0.19863  
0.108  0.01475155  0.26821  
0.108  0.0220704  0.40128  
0.108  0.0075174  0.13668  
0.108  0.0162481  0.29542  
0.108  0.0160556  0.29192  
0.108  0.00495385  0.09007  
0.108  0.01130635  0.20557  
0.108  0.0080201  0.14582  
0.108  0.00647185  0.11767  
0.108  0.00302445  0.05499  
0.108  0.009581  0.1742  
0.108  0.01347225  0.24495  
0.108  0.0123486  0.22452  
0.108  0.0135069  0.24558  
0.108  0.01559305  0.28351  
0.108  0.0099308  0.18056  
0.108  0.00571505  0.10391  
0.108  0.00712855  0.12961  
0.108  0.0133936  0.24352  
0.108  0.0182248  0.33136  
0.108  0.0133914  0.24348  
0.108  0.0173074  0.31468  
0.108  0.01202575  0.21865  
0.108  0.0143077  0.26014  
0.108  0.01553365  0.28243  
0.108  0.01652255  0.30041  
0.108  0.0083523  0.15186  
0.108  0.01449635  0.26357  
0.108  0.0117601  0.21382  
0.108  0.0089562  0.16284  
0.108  0.006842  0.1244  
0.108  0.01070575  0.19465  
0.108  0.0113047  0.20554  
0.108  0.00586685  0.10667  
0.108  0.0103246  0.18772  
0.108  0.00901285  0.16387  
0.108  0.01596155  0.29021  
0.108  0.00517055  0.09401  
0.108  0.0125323  0.22786  
0.108  0.00591305  0.10751  
0.108  0.01708575  0.31065  
0.108  0.0080102  0.14564  
0.108  0.0048312  0.08784  
0.108  0.00816145  0.14839  
0.108  0.0157641  0.28662  
0.108  0.00675455  0.12281  
0.108  0.01026025  0.18655  
0.108  0.00709115  0.12893  
0.108  0.0106821  0.19422  
0.108  0.00814  0.148  
0.108  0.01164845  0.21179  
0.108  0.0098791  0.17962  
0.108  0.01449195  0.26349  
0.108  0.01056825  0.19215  
0.108  0.018634  0.3388  
0.108  0.00645755  0.11741  
0.108  0.0078705  0.1431  
0.108  0.00881925  0.16035  
0.108  0.0158796  0.28872  
0.108  0.00676665  0.12303  
0.108  0.01452275  0.26405  
0.108  0.0069344  0.12608  
0.108  0.0095557  0.17374  
0.108  0.009042  0.1644  
0.108  0.01372855  0.24961  
0.108  0.00879945  0.15999  
0.108  0.0134464  0.24448  
0.108  0.01366805  0.24851  
0.108  0.01259115  0.22893  
0.108  0.0046904  0.08528  
0.108  0.0034550159674  0.0628184721346  
0.108  0.01525975  0.27745  
0.108  0.0151492  0.27544  
0.108  0.01817805  0.33051  
0.108  0.01990615  0.36193  
0.108  0.01820665  0.33103  
0.108  0.0088275  0.1605  
0.108  0.01651155  0.30021  
0.108  0.00639925  0.11635  
0.108  0.01200595  0.21829  
0.108  0.00658185  0.11967  
0.108  0.00851015  0.15473  
0.108  0.0097955  0.1781  
0.108  0.01377035  0.25037  
0.108  0.0138457  0.25174  
0.108  0.00712415  0.12953  
0.108  0.01701095  0.30929  
0.108  0.0153186  0.27852  
0.108  0.01021955  0.18581  
0.108  0.00365805  0.06651  
0.108  0.01419  0.258  
0.108  0.0164384  0.29888  
0.108  0.0148742  0.27044  
0.108  0.0153538  0.27916  
0.108  0.01610785  0.29287  
0.108  0.01043075  0.18965  
0.108  0.0146168  0.26576  
0.108  0.0068068  0.12376  
0.108  0.01004025  0.18255  
0.108  0.0030987  0.05634  
0.108  0.0172084  0.31288  
0.108  0.01700325  0.30915  
0.108  0.01103355  0.20061  
0.108  0.017952  0.3264  
0.108  0.01163965  0.21163  
0.108  0.00988295  0.17969  
0.108  0.016632  0.3024  
0.108  0.0060082  0.10924  
0.108  0.0046871  0.08522  
0.108  0.01112705  0.20231  
0.108  0.00695695  0.12649  
0.108  0.01180135  0.21457  
0.108  0.01762475  0.32045  
0.108  0.01200925  0.21835  
0.108  0.0104555  0.1901  
0.108  0.00508365  0.09243  
0.108  0.0208923  0.37986  
0.108  0.0116237  0.21134  
0.108  0.01420815  0.25833  
0.108  0.01007985  0.18327  
0.108  0.01171225  0.21295  
0.108  0.00640805  0.11651  
0.108  0.00792055  0.14401  
0.108  0.01388695  0.25249  
0.108  0.01404645  0.25539  
0.108  0.0119339  0.21698  
0.1  0.0696245562524  1.26590102277  
0.1  0.0514675605211  0.935773827656  
0.134  0.00272356157027  0.0495193012776  
0.134  0.00166787921743  0.0303250766805  
0.134  0.0041018548053  0.0745791782782  
0.134  0.00138589507948  0.0251980923541  
0.134  0.000792594068112  0.0144108012384  
0.134  0.00114358188762  0.0207923979568  
0.134  0.00193698449532  0.0352178999149  
0.134  0.00229114363336  0.0416571569701  
0.134  0.00233197927085  0.0423996231064  
0.134  0.00103962294416  0.0189022353483  
0.134  0.00433618851835  0.0788397912427  
0.134  0.00348396449559  0.0633448090107  
0.134  0.00152001276195  0.0276365956718  
0.134  0.00271290086962  0.0493254703568  
0.134  0.00385843050562  0.0701532819204  
0.134  0.00131498135912  0.023908751984  
0.134  0.00292194689082  0.0531263071059  
0.134  0.0013723085716  0.0249510649382  
0.134  0.000861520684937  0.0156640124534  
0.134  0.00269414401197  0.0489844365813  
0.134  0.00123195237682  0.022399134124  
0.134  0.00191696333823  0.0348538788769  
0.134  0.00093313934472  0.016966169904  
0.134  0.0016896589518  0.030721071851  
0.134  0.00167649848668  0.0304817906669  
0.134  0.000580268002226  0.0105503273132  
0.134  0.000784102133144  0.0142564024208  
0.134  0.00152284255142  0.0276880463894  
0.134  0.00296227717724  0.0538595850408  
0.134  0.000971932523716  0.0176715004312  
0.134  0.000959773282704  0.0174504233219  
0.134  0.000856491813683  0.0155725784306  
0.134  0.000553318226274  0.0100603313868  
0.134  0.00302118172012  0.0549305767295  
0.134  0.00214955524881  0.0390828227056  
0.134  0.00430742803378  0.0783168733415  
0.134  0.00174701462627  0.0317639022959  
0.134  0.00079421762568  0.0144403204669  
0.134  0.000744291285436  0.0135325688261  
0.134  0.00146723256799  0.0266769557816  
0.134  0.00128480170037  0.0233600309158  
0.134  0.00203136607625  0.036933928659  
0.134  0.00129533932338  0.0235516240614  
0.134  0.000961579079516  0.0174832559912  
0.134  0.00221425457535  0.0402591740972  
0.134  0.00167093789022  0.030380688913  
0.134  0.000852725044902  0.0155040917255  
0.134  0.000778285358213  0.0141506428766  
0.134  0.000851791891533  0.0154871253006  
0.134  0.00085548056786  0.0155541921429  
0.134  0.00203915160452  0.0370754837185  
0.134  0.000851533397913  0.0154824254166  
0.134  0.000732813137837  0.0133238752334  
0.134  0.000801647451589  0.0145754082107  
0.134  0.000868509953899  0.0157910900709  
0.134  0.00136101520075  0.0247457309228  
0.134  0.00152611852462  0.0277476095386  
0.134  0.0005988343851  0.0108878979109  
0.134  0.000750872657084  0.0136522301288  
0.134  0.00196654160832  0.0357553019694  
0.134  0.00135988393157  0.0247251623921  
0.134  0.00209472374609  0.0380858862925  
0.134  0.0011847285781  0.0215405196018  
0.134  0.00107697546309  0.0195813720561  
0.134  0.0016728530805  0.0304155105546  
0.134  0.00215705292767  0.0392191441395  
0.134  0.00192340781091  0.0349710511074  
0.134  0.00157083451795  0.0285606275991  
0.134  0.00115486155349  0.0209974827908  
0.134  0.00178957282868  0.0325376877941  
0.134  0.000850800758825  0.0154691047059  
0.134  0.000862315168121  0.0156784576022  
0.134  0.0015124416163  0.0274989384781  
0.134  0.00257705397685  0.0468555268519  
0.134  0.00182451046961  0.0331729176293  
0.134  0.000566030571788  0.0102914649416  
0.134  0.00440566815868  0.0801030574306  
0.134  0.00067741371137  0.012316612934  
0.134  0.00135221536199  0.0245857338543  
0.134  0.000795700555001  0.0144672828182  
0.134  0.000833477518016  0.0151541366912  
0.134  0.00159974650537  0.0290863000977  
0.134  0.00191296341306  0.0347811529648  
0.108  0.0024706  0.04492  
0.134  0.00187409584591  0.0340744699257  
0.108  0.00411785  0.07487  
0.134  0.000822812771962  0.0149602322175  
0.134  0.00112178401008  0.0203960729105  
0.134  0.0022378721055  0.0406885837364  
0.134  0.00146116095501  0.0265665628184  
0.134  0.00147846762724  0.0268812295861  
0.134  0.00129092661906  0.0234713930739  
0.134  0.00380170706695  0.0691219466718  
0.134  0.0035856065366  0.06519284612  
0.134  0.00126391522949  0.0229802768998  
0.134  0.000956261737277  0.0173865770414  
0.134  0.00173168987308  0.0314852704197  
0.134  0.000615119348904  0.0111839881619  
0.134  0.00120759146874  0.0219562085225  
0.134  0.00173160933004  0.0314838060008  
0.134  0.00128265426433  0.0233209866241  
0.134  0.00112143003267  0.0203896369576  
0.134  0.00123563283257  0.0224660515013  
0.134  0.0018487708859  0.0336140161072  
0.134  0.00203327182198  0.0369685785815  
0.134  0.00124459952497  0.0226290822721  
0.134  0.000808507111549  0.0147001293009  
0.108  0.00203225  0.03695  
0.108  0.00335271989391  0.0609585435256  
0.108  0.00326091236407  0.0592893157103  
0.108  0.00383628915422  0.0697507118949  
0.134  0.00162392659266  0.0295259380484  
0.134  0.00182904475099  0.0332553591089  
0.134  0.00132872011715  0.0241585475846  
0.134  0.000879930846333  0.0159987426606  
0.134  0.00346287014141  0.0629612752984  
0.134  0.00119382343884  0.0217058807061  
0.134  0.00174008023252  0.0316378224094  
0.134  0.00102294626688  0.0185990230341  
0.134  0.00148854190882  0.0270643983421  
0.134  0.00140072747505  0.0254677722737  
0.134  0.00130957652345  0.0238104822446  
0.134  0.00131267901997  0.0238668912721  
0.134  0.00121375510354  0.0220682746099  

